timestamp sender receiver
0 0 18
1 1 18
2 3 16
3 5 18
4 4 19
5 2 19
6 4 11
7 4 16
8 5 14
9 1 15
10 4 10
11 9 19
12 3 11
13 3 11
14 8 17
15 6 11
16 1 16
17 0 11
18 9 16
19 6 17
20 4 19
21 8 12
22 6 13
23 8 19
24 1 13
25 6 13
26 2 12
27 7 11
28 8 17
29 0 17
30 7 19
31 1 18
32 7 18
33 7 15
34 6 18
35 2 10
36 3 11
37 0 17
38 6 17
39 1 14
40 2 17
41 4 17
42 6 14
43 2 17
44 7 14
45 4 10
46 1 13
47 4 16
48 1 17
49 1 17
50 8 17
51 0 12
52 6 14
53 1 11
54 2 12
55 6 14
56 7 11
57 3 19
58 7 11
59 6 12
60 0 16
61 9 14
62 0 19
63 8 19
64 5 14
65 3 14
66 8 15
67 0 10
68 4 13
69 1 13
70 4 18
71 7 18
72 2 15
73 8 14
74 8 14
75 8 14
76 8 19
77 6 17
78 0 13
79 2 10
80 7 11
81 8 19
82 1 14
83 7 16
84 5 15
85 5 12
86 7 15
87 1 18
88 7 16
89 9 10
90 5 11
91 5 16
92 5 17
93 9 15
94 0 14
95 4 14
96 1 13
97 6 10
98 2 12
99 7 18
100 1 19
101 8 11
102 0 19
103 6 10
104 2 19
105 5 13
106 8 18
107 0 14
108 3 12
109 3 14
110 1 19
111 7 12
112 1 17
113 4 18
114 6 19
115 3 15
116 1 13
117 4 12
118 5 17
119 8 13
120 8 17
121 4 10
122 9 17
123 1 13
124 9 11
125 7 12
126 6 18
127 4 17
128 5 17
129 0 18
130 6 10
131 9 13
132 4 18
133 3 11
134 6 16
135 2 18
136 3 12
137 7 12
138 9 17
139 1 14
140 6 17
141 9 11
142 9 10
143 3 11
144 4 13
145 7 12
146 8 16
147 4 17
148 6 10
149 2 11
150 2 16
151 0 14
152 9 17
153 9 15
154 3 14
155 2 11
156 8 14
157 0 11
158 1 10
159 1 18
160 7 11
161 0 11
162 6 17
163 4 15
164 5 14
165 2 11
166 9 10
167 0 15
168 2 11
169 5 17
170 5 14
171 7 11
172 8 19
173 3 10
174 9 12
175 4 19
176 6 15
177 0 13
178 8 17
179 1 10
180 7 13
181 9 12
182 2 12
183 6 12
184 8 11
185 3 14
186 1 12
187 7 18
188 8 16
189 3 18
190 1 19
191 8 16
192 5 19
193 3 15
194 8 12
195 9 13
196 0 10
197 4 14
198 6 17
199 2 18
200 1 16
201 8 10
202 9 19
203 7 19
204 4 18
205 9 14
206 7 16
207 9 15
208 1 17
209 2 18
210 8 16
211 2 10
212 6 19
213 3 13
214 1 11
215 5 12
216 7 16
217 5 11
218 8 19
219 7 10
220 2 18
221 0 17
222 2 15
223 7 17
224 2 14
225 2 14
226 5 14
227 8 17
228 6 14
229 9 16
230 6 10
231 3 18
232 3 15
233 2 13
234 0 12
235 9 10
236 4 11
237 5 18
238 5 17
239 5 18
240 6 16
241 7 17
242 1 11
243 9 15
244 5 12
245 3 14
246 2 15
247 4 18
248 6 17
249 5 12
250 5 15
251 9 18
252 0 16
253 7 14
254 8 11
255 7 11
256 5 17
257 0 18
258 2 19
259 9 13
260 5 12
261 8 19
262 6 17
263 4 15
264 2 18
265 8 13
266 7 10
267 2 17
268 9 13
269 5 14
270 9 14
271 0 15
272 6 12
273 5 18
274 2 12
275 8 11
276 7 10
277 4 15
278 4 19
279 4 14
280 4 12
281 8 11
282 5 19
283 8 15
284 0 16
285 4 14
286 7 12
287 7 17
288 3 15
289 7 14
290 0 18
291 3 15
292 1 15
293 7 11
294 3 17
295 7 19
296 2 11
297 4 16
298 6 16
299 9 12
300 1 11
301 5 11
302 3 15
303 8 12
304 2 19
305 6 18
306 7 14
307 5 13
308 2 17
309 7 17
310 0 18
311 1 19
312 2 16
313 6 18
314 0 18
315 1 18
316 1 18
317 3 15
318 8 18
319 5 19
320 5 12
321 6 13
322 3 12
323 6 18
324 7 12
325 9 17
326 7 11
327 7 17
328 7 19
329 9 13
330 7 11
331 0 17
332 3 18
333 2 15
334 5 15
335 0 17
336 4 12
337 7 19
338 5 17
339 3 14
340 1 13
341 7 17
342 8 18
343 6 15
344 5 15
345 9 12
346 8 11
347 9 17
348 3 17
349 5 10
350 2 19
351 3 11
352 6 16
353 6 10
354 5 12
355 1 10
356 5 13
357 9 17
358 6 15
359 8 11
360 4 13
361 5 11
362 0 17
363 4 15
364 1 11
365 5 14
366 2 11
367 4 13
368 4 11
369 8 11
370 8 17
371 4 18
372 8 11
373 8 17
374 0 17
375 0 10
376 9 14
377 1 13
378 9 14
379 6 17
380 1 10
381 3 10
382 3 18
383 9 12
384 4 14
385 7 15
386 8 14
387 5 14
388 3 11
389 6 17
390 6 12
391 1 13
392 9 16
393 3 17
394 7 11
395 9 15
396 0 16
397 6 19
398 2 19
399 4 12
400 1 15
401 2 18
402 4 17
403 2 12
404 2 13
405 6 17
406 5 17
407 4 14
408 5 13
409 8 13
410 6 13
411 3 15
412 2 15
413 5 15
414 6 19
415 6 13
416 9 11
417 4 12
418 4 15
419 5 12
420 3 11
421 9 13
422 3 18
423 6 16
424 9 13
425 9 15
426 0 19
427 0 15
428 8 19
429 8 15
430 4 14
431 3 17
432 2 12
433 5 10
434 7 13
435 5 12
436 9 14
437 6 15
438 9 12
439 6 16
440 4 10
441 4 18
442 9 14
443 8 19
444 1 11
445 1 13
446 0 18
447 8 17
448 8 15
449 6 12
450 3 15
451 2 12
452 4 16
453 9 11
454 5 18
455 1 13
456 1 10
457 7 17
458 9 13
459 7 12
460 7 12
461 7 18
462 2 19
463 6 18
464 5 18
465 3 16
466 7 13
467 2 13
468 2 14
469 7 10
470 4 18
471 2 17
472 4 11
473 2 14
474 6 18
475 5 17
476 8 13
477 8 16
478 8 19
479 3 13
480 8 18
481 8 16
482 2 13
483 2 12
484 3 14
485 2 14
486 2 15
487 4 11
488 8 15
489 7 17
490 2 12
491 8 14
492 3 11
493 6 13
494 3 18
495 3 18
496 9 16
497 0 10
498 1 17
499 2 14
500 6 14
501 0 12
502 4 16
503 1 12
504 6 16
505 5 18
506 5 18
507 1 10
508 7 14
509 2 14
510 3 15
511 4 17
512 6 17
513 1 17
514 2 12
515 0 18
516 3 18
517 4 13
518 6 11
519 0 17
520 7 17
521 6 11
522 1 14
523 9 12
524 7 11
525 7 11
526 5 14
527 7 13
528 5 12
529 9 17
530 3 13
531 0 14
532 2 15
533 2 13
534 7 17
535 4 19
536 4 16
537 9 13
538 2 17
539 9 18
540 6 18
541 5 18
542 6 11
543 9 15
544 9 19
545 5 17
546 6 17
547 2 12
548 7 10
549 9 16
550 1 18
551 0 18
552 4 10
553 5 18
554 8 10
555 4 11
556 0 14
557 5 17
558 7 15
559 2 14
560 7 17
561 9 15
562 3 15
563 5 12
564 7 11
565 5 18
566 4 13
567 0 15
568 8 10
569 6 17
570 0 14
571 0 16
572 7 15
573 2 12
574 6 19
575 8 13
576 4 15
577 9 12
578 0 18
579 9 10
580 7 17
581 0 17
582 9 11
583 0 15
584 0 15
585 0 16
586 9 13
587 9 16
588 1 13
589 8 12
590 4 14
591 2 19
592 3 12
593 3 16
594 1 14
595 7 13
596 2 16
597 8 13
598 8 17
599 7 14
600 7 12
601 2 13
602 4 14
603 8 12
604 2 16
605 5 12
606 2 18
607 3 16
608 5 18
609 6 14
610 6 15
611 8 13
612 7 18
613 5 16
614 9 16
615 0 16
616 1 19
617 8 11
618 1 12
619 5 12
620 8 11
621 7 15
622 1 10
623 7 18
624 8 18
625 7 12
626 6 18
627 0 17
628 3 14
629 5 15
630 9 14
631 9 19
632 4 10
633 6 13
634 4 11
635 8 14
636 4 11
637 6 17
638 3 19
639 4 16
640 4 14
641 9 16
642 6 12
643 0 11
644 8 10
645 3 19
646 2 15
647 1 17
648 1 17
649 3 12
650 9 10
651 5 19
652 4 12
653 2 18
654 5 16
655 1 11
656 1 18
657 7 14
658 5 13
659 5 16
660 8 16
661 4 16
662 9 19
663 2 16
664 4 11
665 8 17
666 2 17
667 1 16
668 9 19
669 0 16
670 6 17
671 3 18
672 1 19
673 5 19
674 8 18
675 2 15
676 0 18
677 7 14
678 2 12
679 3 11
680 9 19
681 7 10
682 7 18
683 4 12
684 3 10
685 4 19
686 7 14
687 3 13
688 3 18
689 4 19
690 6 18
691 6 16
692 2 10
693 0 19
694 8 14
695 7 12
696 3 19
697 2 11
698 6 13
699 2 16
700 0 11
701 6 16
702 2 19
703 2 16
704 8 13
705 9 18
706 8 10
707 9 14
708 3 10
709 4 14
710 9 19
711 8 13
712 3 16
713 7 16
714 2 13
715 4 17
716 7 16
717 5 13
718 6 18
719 9 19
720 2 11
721 0 12
722 0 19
723 9 18
724 5 16
725 6 15
726 4 10
727 7 12
728 4 16
729 9 19
730 3 13
731 0 10
732 2 17
733 4 10
734 1 14
735 9 19
736 3 15
737 1 14
738 9 11
739 3 19
740 6 14
741 0 13
742 4 10
743 5 19
744 4 14
745 0 13
746 7 16
747 1 19
748 0 10
749 4 12
750 6 16
751 7 15
752 2 18
753 0 14
754 7 10
755 5 14
756 9 19
757 2 14
758 3 17
759 4 10
760 5 12
761 8 18
762 9 19
763 0 19
764 1 16
765 2 15
766 8 12
767 6 19
768 6 13
769 6 17
770 7 14
771 7 18
772 6 17
773 7 16
774 0 17
775 7 14
776 3 10
777 4 19
778 1 16
779 8 10
780 9 12
781 2 10
782 5 13
783 4 15
784 6 10
785 4 16
786 4 17
787 4 15
788 6 16
789 0 12
790 8 16
791 3 10
792 0 19
793 1 13
794 5 12
795 9 10
796 4 17
797 1 11
798 7 10
799 5 11
800 8 15
801 6 10
802 6 10
803 5 15
804 7 17
805 1 11
806 7 16
807 2 12
808 1 14
809 7 11
810 7 12
811 7 16
812 9 17
813 7 16
814 1 13
815 3 19
816 4 12
817 9 19
818 3 17
819 1 12
820 2 17
821 2 14
822 2 12
823 0 17
824 7 18
825 1 14
826 1 18
827 5 13
828 4 12
829 1 14
830 6 12
831 7 18
832 1 13
833 2 17
834 3 17
835 7 14
836 0 13
837 1 14
838 2 17
839 6 17
840 8 10
841 3 18
842 9 17
843 7 11
844 5 10
845 9 10
846 8 19
847 2 11
848 8 17
849 1 18
850 3 18
851 1 16
852 7 12
853 8 11
854 2 13
855 1 10
856 1 11
857 8 11
858 0 12
859 9 14
860 6 13
861 2 12
862 4 16
863 5 13
864 8 10
865 3 18
866 8 12
867 2 11
868 2 13
869 2 17
870 1 16
871 5 19
872 3 14
873 9 16
874 7 12
875 7 10
876 9 19
877 8 12
878 8 12
879 5 16
880 4 19
881 0 13
882 1 16
883 9 17
884 9 12
885 8 19
886 9 18
887 0 17
888 6 14
889 8 16
890 2 12
891 7 19
892 9 12
893 1 13
894 1 13
895 2 12
896 6 11
897 4 10
898 8 14
899 4 13
900 1 14
901 7 17
902 2 18
903 1 11
904 8 15
905 5 14
906 1 12
907 0 19
908 4 11
909 3 18
910 2 13
911 7 15
912 1 19
913 4 13
914 7 12
915 2 14
916 0 12
917 5 16
918 0 11
919 3 14
920 9 16
921 6 17
922 7 11
923 6 17
924 9 14
925 9 19
926 4 12
927 3 13
928 9 19
929 7 10
930 4 11
931 0 19
932 3 18
933 7 14
934 2 15
935 8 10
936 9 17
937 5 18
938 3 13
939 2 16
940 2 12
941 9 19
942 1 17
943 5 17
944 3 16
945 9 16
946 7 12
947 6 18
948 2 13
949 8 11
950 6 12
951 3 15
952 3 15
953 1 14
954 2 12
955 4 10
956 5 13
957 6 16
958 5 14
959 5 13
960 9 14
961 3 19
962 3 17
963 8 14
964 2 17
965 9 14
966 3 15
967 0 11
968 9 12
969 8 17
970 7 12
971 5 14
972 1 16
973 3 10
974 1 10
975 9 16
976 9 11
977 0 12
978 2 16
979 9 12
980 9 19
981 8 16
982 5 13
983 5 17
984 8 15
985 2 18
986 6 14
987 2 13
988 4 14
989 0 12
990 3 14
991 5 18
992 2 13
993 3 11
994 8 18
995 9 12
996 5 12
997 2 12
998 8 10
999 5 11
